1298.11
1268.84
1239.58
1210.31
1181.04
1151.77
1122.51
1093.24
1063.97
1034.7
1005.44
976.168
946.901
917.634
888.366
859.099
829.831
800.564
771.296
742.029
712.761
683.494
654.227
624.959
595.692
566.424
537.157
507.889
478.622
449.354
420.087
390.82
361.552
332.285
303.017
273.75
244.482
215.215
185.947
156.68
127.413
98.1452
68.8777
51.0119
37.9351
28.3097
21.1881
15.8942
11.9423
8.9811
6.75502
5.07701
3.80939
2.85031
2.12406
1.57407
1.15792
0.843634
0.607059
0.429852
0.298053
0.201005
0.130546
0.0804184
0.0458073
0.0230065
0.00915809
0.00205674
0
0
0
0
0
0
0
0
0
0
0
0
0
0
0
0
0
0
0
0
0
0
0
0
0
0
0
0
0
0
0
0
0
0
0
0
0
0
0
0
0
0
0
0
0
0
0
0
0
0
0
0
0
0
0
0
0
0
0
0
0
0
0
0
0
0
0
0
0
0
0
0
0
